112
241 62 97
309 90 45
464 61 65
514 37 2
706 59 96
800 80 46
1048 53 86
1100 32 20
1209 34 43
1223 95 59
1224 50 7
1473 32 45
1556 86 99
1581 74 45
1599 40 16
1794 70 87
1856 14 42
2022 37 79
2099 32 47
2247 60 81
2283 45 72
2397 71 24
2413 20 27
2490 90 47
2674 27 28
2807 71 5
2819 65 39
2891 72 62
3009 78 39
3069 99 86
3131 90 23
3151 92 25
3189 33 2
3376 61 56
3569 72 79
3715 29 61
3844 83 99
3880 34 63
3939 98 87
4207 100 88
4222 72 92
4258 15 88
4404 17 81
4651 14 81
4689 66 10
4698 91 82
4711 57 8
4738 5 5
4758 39 68
4948 49 13
5034 67 43
5255 22 75
5261 93 53
5347 60 44
5405 18 26
5551 28 5
5601 75 23
5628 9 19
5652 85 32
5892 71 70
5941 31 26
5950 10 19
6002 41 52
6151 44 4
6186 66 33
6238 32 36
6284 21 59
6350 82 14
6356 89 1
6391 19 85
6577 45 99
6637 71 79
6645 60 77
6786 97 49
7122 39 14
7367 74 45
7481 4 77
7748 40 2
7819 39 69
7823 23 65
7863 45 31
7923 40 96
7971 29 47
8022 51 47
8206 45 62
8284 74 2
8710 93 28
8722 30 29
8911 79 56
8920 99 10
9167 43 1
9217 59 11
9348 76 49
9451 99 43
9456 90 20
9524 6 85
9572 59 81
9725 69 23
9877 72 37
9999 77 91
10072 44 22
10128 50 28
10228 63 80
10358 52 37
10364 8 4
10515 67 72
10781 73 22
10921 68 56
11027 21 96
11097 28 68
11149 66 79
11213 62 90